41,52
41,51
41,50
41,49
41,48
41,47
41,46
41,45
41,44
41,43
41,42
41,41
41,40
41,39
41,38
41,37
41,36
41,35
10,291
10,79
10,237
10,259
10,65
10,247
10,245
11,5
11,8
11,26
11,18
11,10
11,9
9,5
8,13
8,4
39,3
39,2
39,1
39,0
38,3
38,2
38,1
38,0
37,3
37,2
37,1
37,0
36,3
36,2
36,1
36,0
35,3
35,2
35,1
35,0
20,3
20,2
20,1
19,3
19,2
19,1
12,3
12,2
12,1
11,30
11,29
18,1
11,23
11,17
18,3
11,16
11,7
11,3
11,2
11,1
10,312
10,302
10,194
14,1
10,76
10,30
14,3
13,1
10,28
10,26
13,3
10,24
10,3
10,2
10,1
9,7
9,6
9,4
9,3
9,2
9,1
